%YAML:1.0
---
rotation: !!opencv-matrix
   rows: 3
   cols: 3
   dt: d
   data: [ 0.93130350362932501, 0.3642438781622363,
       0.00042585100438523321, -0.36424384206949645, 0.93130360098353426,
       -0.00016220220016404367, -0.00045567773230049697,
       -4.0541286783230312e-06, 0.99999989617067875 ]
translation: !!opencv-matrix
   rows: 3
   cols: 1
   dt: d
   data: [ -0.96693371415029317, 0.25502765447132431,
       0.00029646985357693108 ]
calibration_pairs: 43
